400104325120
40010431024094
40010431024099
40010431024100
40010431024101
400104325130
40010431024158
400104325205
40010431024054
400104325080
40010431024065
400104325082
40010431024096
400104325068
400104325073
400104325070
40010431023615
40010431024130
400104325172
40010431024141
40010431024142
40010431024143
40010431024144
40010431024145
400104325184
400104325185
400104325186
40010431024152
40010431024104
40010431024106
40010431024109
400104325138
40010431024110
400104325145
40010431024120
400104325150
400104325153
400104325124
400104325142
400104325155
400342104325191
400344104325175
400346104325169
400104325122
400104325127
400104325129
400104325131
40010431024155
400104325192
400104325193
40010431024156
400104325198
40010431024055
400104325081
40010431023627
40010431023616
40010431024127
400104325163
400104325166
400104325167
40010431024135
400104325168
400104325181
400104325183
400104325189
40010431024112
40010431024118
400104325147
40010431024122
40010431024124
40010431024126
400104325156
400104325137
400347104325165
400348104325173
400349104325182
400104325118
40010431024095
400104325126
40010431024157
400104325195
40010431024163
400104325199
40010431024165
400104325076
40010431024052
400104325079
40010431024066
400104325072
400104325067
400104325069
40010431023624
40010431023626
40010431024128
40010431024129
400104325161
40010431024131
40010431024136
40010431024138
400104325174
400104325177
400104325178
40010431024147
40010431024148
40010431024149
40010431024150
400104325187
40010431024151
400104325188
40010431024153
400104325190
40031710431024052
40031810431024053
400340104325076
400104325133
40010431024108
400104325139
40010431024119
40010431024121
400104325151
40010431024123
400104325132
400104325148
400104325121
40010431024093
40010431024098
400104325128
40010431024102
400104325194
40010431024164
400104325203
400104325204
400104325206
400104325077
40010431024097
400104325066
40010431023620
400104325158
400104325159
400104325162
400104325164
40010431024132
40010431024134
40010431024140
400104325180
40031910431024093
40010431024103
40010431024105
400104325134
400104325135
40010431024107
400104325140
40010431024111
400104325141
400104325144
400104325146
400104325149
400104325152
40010431024125
400104325123
400104325125
400104325136
400343104325160
400345104325176
400352104325157